#map
22222222222222222222
22222222222222222222
22222222222222222222
22222222222222222222
22222222222222222222
22222222222222222222
22222222222222222222
22222222222222222222
2@@@@@@@@@@@@@@@@@22
22222222222222222222
22222222222222222222
22222222222222222222
22222222222222222222
22222222222222222222
22222222222222222222
22222222222222222222
22222222222222222222
22222222222222222222
22222222222222222222
22222222222222222222
#objects
item,488.0,412.7,Grenade,16
item,412.0,397.40002,Bazooka,35
player,507.0,450.5
nextlevel,260.0,307.40002,32.0,32.0
bot,461.0,203.00003,0.0,400.0,100,Beretta,64
bot,429.0,123.80005,0.0,400.0,100,Beretta,64
bot,361.0,149.0,0.0,400.0,100,Beretta,64
bot,322.0,167.0,0.0,400.0,100,Beretta,64
bot,400.0,237.20001,0.0,400.0,100,Beretta,64
bot,469.0,282.2,0.0,400.0,100,Beretta,64
bot,540.0,230.00003,0.0,400.0,100,Beretta,64
bot,518.0,160.70001,0.0,400.0,100,Beretta,64
bot,471.0,106.70001,0.0,400.0,100,Beretta,64
bot,399.0,68.0,0.0,400.0,100,Beretta,64
bot,315.0,90.5,0.0,400.0,100,Beretta,64
bot,238.0,176.00003,0.0,400.0,100,Beretta,64
bot,289.0,250.70001,0.0,400.0,100,Beretta,64
bot,342.0,284.90002,0.0,400.0,100,Beretta,64
bot,401.0,322.7,0.0,400.0,100,Beretta,64
barrel,427.0,472.09998,0
barrel,487.0,551.3,0
barrel,373.0,448.7,0
barrel,284.0,439.7,0
#end
